#Title, #runnumber: 2 2019_petrale.dat 2019_petrale.ctl 1383.6 33405.9 13077.7 StartTime: Sat Jul 13 11:08:12 2019
SSv3_default_rebuild.dat
# Number of sexes
2
# Age range to consider (minimum age; maximum age)
0 40
# Number of fleets
4
# First year of projection (Yinit)
2015
# First Year of rebuilding period (Ydecl)
2013
# Number of simulations
1000
# Maximum number of years
500
# Conduct projections with multiple starting values (0=No;else yes)
0
# Number of parameter vectors
1000
# Is the maximum age a plus-group (1=Yes;2=No)
1
# Generate future recruitments using historical recruitments (1)  historical recruits/spawner (2)  or a stock-recruitment (3)
3
# Constant fishing mortality (1) or constant Catch (2) projections
1
# Fishing mortality based on SPR (1) or actual rate (2)
1
# Pre-specify the year of recovery (or -1) to ignore
-1
# Fecundity-at-age
# 0 1 2 3 4 5 6 7 8 9 10 11 12 13 14 15 16 17 18 19 20 21 22 23 24 25 26 27 28 29 30 31 32 33 34 35 36 37 38 39 40 #runnumber: 2 2019_petrale.dat 2019_petrale.ctl 1383.6 33405.9 13077.7
 0 0 0 0.000902121 0.0229706 0.126863 0.323275 0.550397 0.760746 0.948234 1.1212 1.2844 1.43829 1.58206 1.71499 1.83679 1.94752 2.04751 2.13899 2.22071 2.29341 2.35787 2.41485 2.46509 2.50929 2.5481 2.58214 2.61193 2.63799 2.66075 2.68062 2.69795 2.71305 2.72621 2.73766 2.74763 2.7563 2.76385 2.7704 2.7761 2.78472 #female fecundity; weighted by N in year Y_init across morphs and areas
# Age specific selectivity and weight adjusted for discard and discard mortality
 #wt and selex for gender,fleet: 1 1 WinterN
 0.00249334 0.0468614 0.167659 0.315768 0.467243 0.612969 0.752394 0.887378 1.01982 1.15095 1.28129 1.41071 1.53847 1.66317 1.78287 1.89549 1.99941 2.09471 2.18111 2.25818 2.32665 2.38726 2.44077 2.48791 2.52934 2.56569 2.59753 2.6254 2.64976 2.67103 2.68958 2.70576 2.71986 2.73213 2.74282 2.75212 2.76021 2.76724 2.77335 2.77867 2.7867
 0 1.42231e-07 3.90946e-05 0.00124091 0.011232 0.0485446 0.132323 0.265818 0.431702 0.601363 0.748592 0.858686 0.929972 0.969806 0.98883 0.99649 0.999061 0.999708 0.999876 0.999943 0.999972 0.999985 0.999991 0.999995 0.999997 0.999998 0.999998 0.999999 0.999999 0.999999 0.999999 0.999999 1 1 1 1 1 1 1 1 1
 #wt and selex for gender,fleet: 1 2 SummerN
 0.00249334 0.0257043 0.0994231 0.210194 0.344071 0.490113 0.642111 0.796543 0.951045 1.10368 1.25271 1.39656 1.5339 1.66368 1.78508 1.89753 2.00068 2.09543 2.18155 2.25846 2.32682 2.38738 2.44085 2.48796 2.52938 2.56572 2.59756 2.62542 2.64977 2.67104 2.68959 2.70577 2.71987 2.73214 2.74283 2.75213 2.76021 2.76725 2.77336 2.77867 2.78671
 0 0.000810263 0.00670988 0.030569 0.0870628 0.181552 0.30621 0.445037 0.58114 0.701719 0.799821 0.87377 0.925579 0.959259 0.979459 0.990538 0.996038 0.998249 0.999094 0.999507 0.999717 0.999828 0.999891 0.999927 0.999949 0.999963 0.999972 0.999978 0.999982 0.999985 0.999987 0.999989 0.99999 0.999991 0.999992 0.999993 0.999993 0.999994 0.999994 0.999994 0.999995
 #wt and selex for gender,fleet: 1 3 WinterS
 0.00249334 0.0402661 0.1443 0.276139 0.415441 0.553696 0.689731 0.824763 0.960391 1.09784 1.23747 1.37825 1.51755 1.65176 1.77772 1.8936 1.99883 2.09451 2.18102 2.25814 2.32662 2.38725 2.44077 2.4879 2.52933 2.56568 2.59753 2.6254 2.64976 2.67103 2.68958 2.70576 2.71986 2.73213 2.74282 2.75212 2.76021 2.76724 2.77335 2.77867 2.7867
 0 4.46234e-06 0.000419537 0.00699872 0.0414355 0.132235 0.285784 0.47624 0.662477 0.811319 0.909885 0.963907 0.988146 0.996893 0.999372 0.999906 0.99999 0.999999 1 1 1 1 1 1 1 1 1 1 1 1 1 1 1 1 1 1 1 1 1 1 1
 #wt and selex for gender,fleet: 1 4 SummerS
 0.00249334 0.0289214 0.10964 0.223252 0.354456 0.493591 0.63657 0.78185 0.92879 1.07689 1.22526 1.37221 1.5151 1.65098 1.77754 1.89357 1.99883 2.09451 2.18102 2.25814 2.32662 2.38725 2.44077 2.4879 2.52933 2.56568 2.59753 2.6254 2.64976 2.67103 2.68958 2.70576 2.71986 2.73213 2.74282 2.75212 2.76021 2.76724 2.77335 2.77867 2.7867
 0 0.000385466 0.00577638 0.0355132 0.116389 0.25612 0.433683 0.613892 0.766442 0.876194 0.943441 0.978188 0.993066 0.998232 0.99965 0.999949 0.999995 0.999999 1 1 1 1 1 1 1 1 1 1 1 1 1 1 1 1 1 1 1 1 1 1 1
 #wt and selex for gender,fleet: 2 1 WinterN
 0.00268675 0.0200482 0.192302 0.288695 0.365237 0.428071 0.482487 0.531788 0.577379 0.619315 0.657067 0.690151 0.718427 0.742105 0.761627 0.777537 0.790396 0.80089 0.809414 0.816195 0.821578 0.825845 0.829222 0.831893 0.834003 0.83567 0.836986 0.838024 0.838843 0.839489 0.839999 0.8404 0.840717 0.840967 0.841164 0.841319 0.841441 0.841537 0.841613 0.841673 0.84174
 0 4.23991e-09 6.27851e-06 0.00189313 0.0337391 0.157308 0.364462 0.576107 0.73752 0.841803 0.903747 0.939419 0.960012 0.972162 0.979559 0.984223 0.987265 0.989118 0.990249 0.991064 0.991662 0.992107 0.992442 0.992697 0.992892 0.993043 0.993159 0.99325 0.99332 0.993375 0.993419 0.993452 0.993479 0.9935 0.993516 0.993529 0.993539 0.993547 0.993554 0.993558 0.993564
 #wt and selex for gender,fleet: 2 2 SummerN
 0.00268675 0.0439317 0.150807 0.248398 0.334418 0.408542 0.472796 0.529206 0.579134 0.623229 0.661729 0.694804 0.722744 0.745998 0.765115 0.780678 0.793253 0.803544 0.81193 0.818603 0.823902 0.828103 0.83143 0.834061 0.83614 0.837782 0.839079 0.840102 0.84091 0.841546 0.842048 0.842444 0.842757 0.843003 0.843197 0.84335 0.84347 0.843565 0.84364 0.843699 0.843765
 0 1.72739e-08 7.01101e-05 0.00488869 0.0478597 0.172479 0.359524 0.548363 0.698483 0.802361 0.86919 0.910926 0.936927 0.953351 0.963959 0.970987 0.975766 0.978824 0.980782 0.982212 0.983272 0.984068 0.984671 0.985133 0.985487 0.985762 0.985975 0.986141 0.98627 0.986371 0.986451 0.986513 0.986562 0.9866 0.98663 0.986654 0.986673 0.986688 0.986699 0.986708 0.986718
 #wt and selex for gender,fleet: 2 3 WinterS
 0.00268675 0.0222048 0.183379 0.260808 0.321406 0.375355 0.429468 0.485419 0.540868 0.592426 0.637855 0.676436 0.708445 0.734611 0.755794 0.772827 0.786459 0.797428 0.806238 0.81323 0.818772 0.823158 0.826626 0.829367 0.831532 0.83324 0.834589 0.835652 0.836491 0.837153 0.837675 0.838086 0.83841 0.838666 0.838867 0.839026 0.839151 0.83925 0.839328 0.839389 0.839457
 0 5.04369e-09 8.79608e-05 0.0151704 0.154273 0.448497 0.721023 0.879477 0.951186 0.980116 0.991465 0.996033 0.997979 0.998869 0.999307 0.99954 0.999671 0.99974 0.999776 0.999801 0.999818 0.999831 0.999841 0.999848 0.999853 0.999857 0.999861 0.999863 0.999865 0.999866 0.999868 0.999868 0.999869 0.99987 0.99987 0.99987 0.999871 0.999871 0.999871 0.999871 0.999871
 #wt and selex for gender,fleet: 2 4 SummerS
 0.00268675 0.0541437 0.148823 0.229703 0.298175 0.35981 0.420017 0.480191 0.538182 0.591093 0.637187 0.676087 0.70825 0.734494 0.755718 0.772775 0.786421 0.797397 0.806211 0.813206 0.818749 0.823136 0.826606 0.829347 0.831513 0.833222 0.834571 0.835635 0.836474 0.837136 0.837657 0.838069 0.838393 0.838649 0.83885 0.839009 0.839134 0.839233 0.839311 0.839372 0.839441
 0 8.05677e-08 0.00069947 0.036099 0.2266 0.532095 0.776096 0.906727 0.963087 0.985184 0.9937 0.997091 0.998524 0.999176 0.999497 0.999666 0.999762 0.999811 0.999838 0.999856 0.999868 0.999878 0.999885 0.99989 0.999894 0.999897 0.999899 0.999901 0.999902 0.999903 0.999904 0.999905 0.999905 0.999906 0.999906 0.999906 0.999906 0.999907 0.999907 0.999907 0.999907
# M and current age-structure in year Yinit: 2015
 # gender = 1
 0.158704 0.158704 0.158704 0.158704 0.158704 0.158704 0.158704 0.158704 0.158704 0.158704 0.158704 0.158704 0.158704 0.158704 0.158704 0.158704 0.158704 0.158704 0.158704 0.158704 0.158704 0.158704 0.158704 0.158704 0.158704 0.158704 0.158704 0.158704 0.158704 0.158704 0.158704 0.158704 0.158704 0.158704 0.158704 0.158704 0.158704 0.158704 0.158704 0.158704 0.158704
 6396.18 5771.68 4907.77 7121.64 4049.15 2812.97 3031.86 6010.93 3618.84 2258.24 916.448 576.756 287.378 216.901 113.873 66.5302 48.9415 38.4136 8.15023 3.97592 1.64385 1.31735 0.514225 0.136404 0.107302 0.0812161 0.0387139 0.0124094 0.00331618 0.0011044 0.000624982 0.000370877 9.98219e-05 3.581e-05 1.5323e-05 7.81524e-06 3.37567e-06 2.00383e-06 1.12659e-06 4.8694e-07 3.14124e-07
 # gender = 2
 0.164428 0.164428 0.164428 0.164428 0.164428 0.164428 0.164428 0.164428 0.164428 0.164428 0.164428 0.164428 0.164428 0.164428 0.164428 0.164428 0.164428 0.164428 0.164428 0.164428 0.164428 0.164428 0.164428 0.164428 0.164428 0.164428 0.164428 0.164428 0.164428 0.164428 0.164428 0.164428 0.164428 0.164428 0.164428 0.164428 0.164428 0.164428 0.164428 0.164428 0.164428
 6396.18 5738.73 4852.24 7005.41 3967.62 2732.08 2873.45 5478.7 3161.65 1886.35 711.885 399.346 174.186 117.008 56.3194 31.099 21.9821 16.4835 3.32222 1.55352 0.628241 0.501631 0.19563 0.0511303 0.0390168 0.0272247 0.0116712 0.00329378 0.000775065 0.000242829 0.000138379 8.80563e-05 2.56715e-05 1.00067e-05 4.59885e-06 2.53258e-06 1.11032e-06 6.93356e-07 4.16595e-07 1.87685e-07 1.23923e-07
# Age-structure at Ydeclare= 2013
 6741.59 9789.26 5585.13 3922.63 4330.14 8932.79 5672.38 3759.26 1617.92 1071.01 554.763 430.088 229.611 135.432 100.119 78.7641 16.7277 8.1632 3.37554 2.70528 1.05604 0.28013 0.220366 0.166795 0.0795078 0.0254857 0.00681056 0.00226814 0.00128355 0.000761684 0.000205008 7.35445e-05 3.14696e-05 1.60505e-05 6.93275e-06 4.11536e-06 2.31373e-06 1.00005e-06 3.535e-07 1.61014e-07 1.30616e-07
 6741.59 9733.39 5521.87 3858.03 4241.82 8697.37 5430.89 3459.12 1366.56 789.23 350.378 237.87 115.231 63.8835 45.2705 34.0033 6.86083 3.21045 1.29889 1.03747 0.404703 0.105794 0.0807415 0.0563449 0.0241571 0.00681791 0.00160441 0.000502684 0.000286471 0.000182297 5.31469e-05 2.07169e-05 9.52112e-06 5.24331e-06 2.29875e-06 1.4355e-06 8.62511e-07 3.8858e-07 1.38714e-07 6.35518e-08 5.43029e-08
# Year for Tmin Age-structure (set to Ydecl by SS)
2013
#  recruitment and biomass
# Number of historical assessment years
144
# Historical data
# year recruitment spawner in B0 in R project in R/S project
1875  1876 1877 1878 1879 1880 1881 1882 1883 1884 1885 1886 1887 1888 1889 1890 1891 1892 1893 1894 1895 1896 1897 1898 1899 1900 1901 1902 1903 1904 1905 1906 1907 1908 1909 1910 1911 1912 1913 1914 1915 1916 1917 1918 1919 1920 1921 1922 1923 1924 1925 1926 1927 1928 1929 1930 1931 1932 1933 1934 1935 1936 1937 1938 1939 1940 1941 1942 1943 1944 1945 1946 1947 1948 1949 1950 1951 1952 1953 1954 1955 1956 1957 1958 1959 1960 1961 1962 1963 1964 1965 1966 1967 1968 1969 1970 1971 1972 1973 1974 1975 1976 1977 1978 1979 1980 1981 1982 1983 1984 1985 1986 1987 1988 1989 1990 1991 1992 1993 1994 1995 1996 1997 1998 1999 2000 2001 2002 2003 2004 2005 2006 2007 2008 2009 2010 2011 2012 2013 2014 2015 2016 2017 2018 #years (with first value representing R0)
20361.1 20361.5 20361.6 20361.6 20361.7 20361.7 20361.6 20361.3 20360.8 20360.2 20359.5 20358.6 20357.6 20356.6 20355.4 20354.2 20353 20351.7 20350.4 20349.1 20347.8 20346.5 20345.2 20343.9 20342.8 20341.7 20340.6 20339.7 20338.9 20338.3 20337.8 20337.6 20337.6 20337.8 20338.3 20339.2 20340.4 20342.1 20344.3 20347 20350.3 20354.1 20358.7 20361.3 20367.1 20375.9 20388 20399.8 20409.7 20420.6 20430.3 20441.2 20453.7 20465.1 20478.4 20492.3 20512.6 20542.8 20588.6 20664.1 20761.4 20902.2 21078.4 21207.4 21166.8 20775 19979.7 18954.5 18052.2 17762.4 18287.1 18996.2 19027.4 18837.7 18621.4 18497.4 18448.8 18587.7 18469.3 17903 17072 16198.9 15183.5 14552.3 14827.5 17846.1 21665.4 13814.2 12694.2 19967.5 15367 33481.2 14607.3 15534.9 17403.3 19795.5 17690 14126.8 12674.1 15686.7 15866.7 20697.5 22092.3 17848.8 13330.6 13426.9 11285.8 11010.4 12310.4 17513.9 10978.4 7223.15 8333.28 12633.8 16946.5 16145.1 10105.4 6230.25 11478.8 14369.6 8763.2 10405.5 10573.4 25032.2 16296.9 11594.8 10760.7 11689.8 9430.13 12377.9 13730.1 24870.5 30481.5 40004.3 16393.2 12636.6 15343.9 22945.8 13483.2 13528.7 12792.4 16460.4 16517.2 19018.3  #recruits; first value is R0 (virgin)
33405.9  33406 33405.4 33404.8 33404.2 33403.7 33396.5 33382.8 33362.9 33337.4 33306.7 33271.2 33231.4 33187.8 33140.7 33090.5 33037.5 32982.1 32924.6 32865.1 32803.9 32741.3 32677.2 32612 32545.8 32478.7 32410.8 32342.3 32273.2 32203.5 32133.5 32063 31992.3 31921.2 31850 31778.5 31707 31635.3 31563.7 31492 31420.3 31348.8 31280.5 31129.2 31053.6 31044.4 31107.2 31131.7 31073.7 31017.4 30897.4 30787.4 30690.2 30531.3 30391.9 30208.9 30070.9 29936.2 29731.8 29524.4 28846.5 28219.6 27821.7 27103.9 26278.1 25212.5 24300.3 23641.5 22491.7 21368.6 20775.8 20325.3 19063.8 18188.1 16439.5 14790.1 13076.5 12452.2 12094.1 12073.1 11765.6 11659.2 11751.5 11475.8 11215.1 11171.6 10828.8 10062.3 9309.98 8530.81 8170.22 8060.69 7973.77 7783.01 7748.09 7844.49 7845.35 7891.97 7601.61 7384.81 6645.34 5905.6 5402 5065.21 4296.15 3540.01 3223.82 3109.44 3001.95 2993.45 3108.34 3165.79 3022.32 2701.86 2576.67 2478.72 2365.54 2020.56 1927.09 2121.22 2632.93 3069.88 3160.04 3030.42 3108.76 3302.05 3321.87 3363.22 3661.81 4360.03 4808.75 4641.29 4615.3 4379.07 4259.57 4226.91 5378.05 7204.97 9487.6 11432.6 12690.8 13206.2 13519.1 13365.4 #spbio; first value is SSB_virgin (virgin)
1 0 0 0 0 0 0 0 0 0 0 0 0 0 0 0 0 0 0 0 0 0 0 0 0 0 0 0 0 0 0 0 0 0 0 0 0 0 0 0 0 0 0 0 0 0 0 0 0 0 0 0 0 0 0 0 0 0 0 0 0 0 0 0 0 0 0 0 0 0 0 0 0 0 0 0 0 0 0 0 0 0 0 0 0 0 0 0 0 0 0 0 0 0 0 0 0 0 0 0 0 0 0 0 0 0 0 0 0 0 0 0 0 0 0 0 0 0 0 0 0 0 0 0 0 0 0 0 0 0 0 0 0 0 0 0 0 0 0 0 0 0 0 0  # in Bzero
0 1 1 1 1 1 1 1 1 1 1 1 1 1 1 1 1 1 1 1 1 1 1 1 1 1 1 1 1 1 1 1 1 1 1 1 1 1 1 1 1 1 1 1 1 1 1 1 1 1 1 1 1 1 1 1 1 1 1 1 1 1 1 1 1 1 1 1 1 1 1 1 1 1 1 1 1 1 1 1 1 1 1 1 1 1 1 1 1 1 1 1 1 1 1 1 1 1 1 1 1 1 1 1 1 1 1 1 1 1 1 1 1 1 1 1 1 1 1 1 1 1 1 1 1 1 1 1 1 1 1 1 1 1 1 1 1 1 1 1 1  0 0 0 # in R project
0 1 1 1 1 1 1 1 1 1 1 1 1 1 1 1 1 1 1 1 1 1 1 1 1 1 1 1 1 1 1 1 1 1 1 1 1 1 1 1 1 1 1 1 1 1 1 1 1 1 1 1 1 1 1 1 1 1 1 1 1 1 1 1 1 1 1 1 1 1 1 1 1 1 1 1 1 1 1 1 1 1 1 1 1 1 1 1 1 1 1 1 1 1 1 1 1 1 1 1 1 1 1 1 1 1 1 1 1 1 1 1 1 1 1 1 1 1 1 1 1 1 1 1 1 1 1 1 1 1 1 1 1 1 1 1 1 1 1 1 1  0 0 0 # in R/S project
# Number of years with pre-specified catches
0
# catches for years with pre-specified catches go next
# Number of future recruitments to override
2
# Process for overiding (-1 for average otherwise index in data list)
2014 1 2014
2015 1 2015
# Which probability to product detailed results for (1=0.5; 2=0.6; etc.)
3
# Steepness sigma-R Auto-correlation
0.841493 0.4 0
# Target SPR rate (FMSY Proxy); manually change to SPR_MSY if not using SPR_target
0.3
# Discount rate (for cumulative catch)
0.1
# Truncate the series when 0.4B0 is reached (1=Yes)
0
# Set F to FMSY once 0.4B0 is reached (1=Yes)
0
# Maximum possible F for projection (-1 to set to FMSY)
-1
# Defintion of recovery (1=now only;2=now or before)
2
# Projection type
4
# Definition of the 40-10 rule
10 40
# Calculate coefficients of variation (1=Yes)
0
# Number of replicates to use
10
# Random number seed
-99004
# File with multiple parameter vectors 
rebuild.SSO
# User-specific projection (1=Yes); Output replaced (1->9)
0  5
# Catches and Fs (Year; 1/2/3 (F or C or SPR); value); Final row is -1
2018 1 1
-1 -1 -1
# Fixed catch project (1=Yes); Output replaced (1->9); Approach (-1=Read in else 1-9)
0 2 -1
# Split of Fs
2015  0.360252
 0.421348
 0.0853671
 0.133032
-1  1 1 1 1 1 1 1
# Yrs to define T_target for projection type 4 (a.k.a. 5 pre-specified inputs)
2024 2025 2026 2027 2028 
# Year for probability of recovery
2028 2029 2030 2031 2032 2033 2034 2035
# Time varying weight-at-age (1=Yes;0=No)
0
# File with time series of weight-at-age data
none
# Use bisection (0) or linear interpolation (1)
1
# Target Depletion
0.4
# CV of implementation error
0
